2015-07-07 00:13:00,15,33,26.8,64,13.1,994.0,0.7,2.0,8,651.9,0
2015-07-07 00:28:00,15,33,26.8,64,13.1,993.6,1.4,2.4,12,651.9,0
2015-07-07 00:43:00,15,33,26.7,63,13.0,993.5,2.0,3.1,10,651.9,0
2015-07-07 00:58:00,15,33,26.7,62,13.0,993.2,1.0,2.4,6,651.9,0
2015-07-07 01:13:00,15,33,26.7,61,13.0,993.0,1.0,2.0,6,651.9,0
2015-07-07 01:28:00,15,33,26.6,61,12.9,992.7,2.0,3.7,8,651.9,0
2015-07-07 01:43:00,15,33,26.6,60,12.9,992.6,1.7,3.1,7,651.9,0
2015-07-07 01:58:00,15,33,26.6,60,12.9,992.1,1.4,2.7,8,651.9,0
2015-07-07 02:13:00,15,33,26.6,61,12.9,991.9,0,1.0,6,651.9,0
2015-07-07 02:28:00,15,33,26.5,62,12.9,991.5,1.0,2.4,15,651.9,0
2015-07-07 02:43:00,15,33,26.5,62,12.7,991.4,2.7,4.1,6,651.9,0
2015-07-07 02:58:00,15,33,26.5,63,12.6,991.1,1.0,2.0,6,651.9,0
2015-07-07 03:13:00,15,33,26.4,67,12.3,991.0,1.0,2.4,6,651.9,0
2015-07-07 03:28:00,15,33,26.4,70,12.0,990.9,1.0,2.7,9,651.9,0
2015-07-07 03:43:00,15,33,26.4,75,11.5,990.9,1.4,2.7,8,651.9,0
2015-07-07 03:58:00,15,33,26.4,81,11.1,990.8,1.0,2.0,8,652.2,0
2015-07-07 04:13:00,15,33,26.4,84,10.8,990.9,1.4,2.4,7,652.2,0
2015-07-07 04:28:00,15,33,26.4,88,10.6,990.7,2.0,2.7,6,652.8,0
2015-07-07 04:43:00,15,33,26.4,91,10.4,990.4,1.4,2.7,8,653.7,0
2015-07-07 04:58:00,15,34,26.5,94,10.4,989.8,1.7,2.7,8,654.6,0
2015-07-07 05:13:00,15,34,26.5,95,10.5,989.6,1.7,4.1,6,654.9,0
2015-07-07 05:28:00,15,33,26.5,95,10.5,989.5,2.4,5.1,10,655.2,0
2015-07-07 05:43:00,15,34,26.4,96,10.6,989.2,1.7,2.7,8,655.5,0
2015-07-07 05:58:00,15,34,26.5,96,10.6,988.9,1.0,2.0,8,655.8,0
2015-07-07 06:13:00,15,34,26.6,96,10.7,988.5,1.4,3.1,12,655.8,0
2015-07-07 06:28:00,15,34,26.6,96,10.7,988.4,1.0,2.0,14,656.1,0
2015-07-07 06:43:00,15,34,26.6,96,10.8,988.4,1.0,2.4,6,656.1,0
2015-07-07 06:58:00,15,34,26.6,96,10.8,988.3,1.4,2.7,8,656.4,0
2015-07-07 07:13:00,15,34,26.7,96,10.8,988.0,0.7,2.4,8,656.7,0
2015-07-07 07:28:00,15,34,26.6,96,11.0,987.5,1.7,4.1,11,657.0,0
2015-07-07 07:43:00,15,35,26.5,95,10.8,987.6,1.7,3.1,8,657.0,0
2015-07-07 07:58:00,15,35,26.4,97,10.9,987.5,1.4,3.1,13,657.3,0
2015-07-07 08:13:00,15,35,26.4,96,10.9,987.4,2.0,5.1,8,657.9,0
2015-07-07 08:28:00,15,36,26.3,97,10.9,987.2,1.4,2.7,14,657.9,0
2015-07-07 08:43:00,15,36,26.3,97,11.0,987.1,0.3,2.0,12,658.2,0
2015-07-07 08:58:00,15,35,26.4,97,11.0,987.1,1.4,2.4,4,658.2,0
2015-07-07 09:13:00,15,35,26.4,98,11.0,987.0,1.7,3.1,8,658.5,0
2015-07-07 09:28:00,15,35,26.5,98,11.1,986.9,1.0,1.7,6,658.8,0
2015-07-07 09:43:00,15,35,26.5,98,11.5,986.8,1.0,1.7,8,658.8,0
2015-07-07 09:58:00,15,36,26.6,97,11.7,986.9,0.7,1.4,6,658.8,0
2015-07-07 10:13:00,15,36,26.7,96,11.9,986.6,2.4,3.4,8,658.8,0
2015-07-07 10:28:00,15,36,26.8,95,12.2,986.6,0.7,1.7,9,658.8,0
2015-07-07 10:43:00,15,36,26.8,95,12.2,986.4,0.7,1.7,8,658.8,0
2015-07-07 10:58:00,15,36,26.9,96,12.2,986.3,0.7,1.4,7,658.8,0
2015-07-07 11:13:00,15,37,27.0,96,12.3,986.1,1.4,2.4,6,658.8,0
2015-07-07 11:28:00,15,37,27.1,95,12.9,986.1,1.4,3.7,2,658.8,0
2015-07-07 11:43:00,15,38,27.1,94,13.7,986.0,0.7,2.0,8,658.8,0
2015-07-07 11:58:00,15,38,27.0,92,14.0,985.8,1.0,2.7,6,658.8,0
2015-07-07 12:13:00,15,38,26.9,87,14.9,985.8,1.0,2.0,11,658.8,0
2015-07-07 12:28:00,15,38,26.9,88,14.5,985.8,0.7,2.0,12,658.8,0
2015-07-07 12:43:00,15,39,26.8,84,16.1,985.7,1.4,2.4,8,658.8,0
2015-07-07 12:58:00,15,39,26.8,80,17.1,985.5,0.3,1.0,6,658.8,0
2015-07-07 13:13:00,15,40,26.8,80,16.5,985.4,0.7,1.0,2,658.8,0
2015-07-07 13:28:00,15,41,26.8,84,15.7,985.2,0.7,2.7,6,658.8,0
2015-07-07 13:43:00,15,41,26.8,86,16.1,985.2,1.4,2.4,8,659.1,0
2015-07-07 13:58:00,15,41,26.7,86,15.6,985.3,1.0,2.0,6,659.1,0
2015-07-07 14:13:00,15,42,26.6,90,15.1,985.3,1.0,2.4,6,659.1,0
2015-07-07 14:28:00,15,42,26.5,90,15.4,985.0,0.7,1.7,2,659.1,0
2015-07-07 14:43:00,15,42,26.5,85,17.2,985.0,0.7,1.7,8,659.4,0
2015-07-07 14:58:00,15,42,26.4,78,18.0,984.9,0.3,1.0,8,659.4,0
2015-07-07 15:13:00,15,42,26.4,74,17.4,984.9,1.4,2.7,10,659.4,0
2015-07-07 15:28:00,15,42,26.3,78,16.4,985.0,1.0,1.7,8,659.4,0
2015-07-07 15:43:00,15,42,26.3,79,16.4,985.0,0.7,1.7,12,659.4,0
2015-07-07 15:58:00,15,42,26.2,78,16.1,985.0,0,0.7,10,659.4,0
2015-07-07 16:13:00,15,42,26.2,80,16.4,985.1,0.3,1.0,9,659.4,0
2015-07-07 16:28:00,15,42,26.2,79,17.0,985.0,0.7,1.0,12,659.4,0
2015-07-07 16:43:00,15,42,26.2,80,16.1,985.0,0.7,1.7,10,659.4,0
2015-07-07 16:58:00,15,43,26.3,85,15.2,985.0,0.7,1.4,8,659.4,0
2015-07-07 17:13:00,15,43,26.4,86,15.2,984.9,0.7,1.4,8,659.4,0
2015-07-07 17:28:00,15,43,26.4,86,15.3,985.0,0,0.3,8,659.4,0
2015-07-07 17:43:00,15,44,26.5,88,15.4,984.9,0.3,1.0,8,659.4,0
2015-07-07 17:58:00,15,44,26.5,88,15.2,984.9,0.3,0.7,8,659.4,0
2015-07-07 18:13:00,15,44,26.6,88,15.1,985.2,0.3,0.7,8,659.4,0
2015-07-07 18:28:00,15,43,26.6,89,15.0,985.1,0.3,0.7,8,659.4,0
2015-07-07 18:43:00,15,44,26.6,89,14.9,985.2,0,0,8,659.4,0
2015-07-07 18:58:00,15,43,26.7,90,14.6,985.0,0,0.3,0,659.4,0
2015-07-07 19:13:00,15,44,26.8,91,14.1,985.1,0,0,0,659.4,0
2015-07-07 19:28:00,15,43,26.8,93,13.9,985.1,0,0,10,659.4,0
2015-07-07 19:43:00,15,43,26.9,94,13.7,985.2,0,0,2,659.4,0
2015-07-07 19:58:00,15,43,26.8,96,13.8,985.4,0.3,0.7,7,659.4,0
2015-07-07 20:13:00,15,43,26.8,96,13.7,985.4,1.0,1.7,6,659.4,0
2015-07-07 20:28:00,15,43,26.8,96,13.5,985.4,0.3,1.0,8,659.4,0
2015-07-07 20:43:00,15,43,26.8,97,13.2,985.4,0.3,1.0,10,659.4,0
2015-07-07 20:58:00,15,42,26.8,98,13.2,985.5,0,0.7,14,659.4,0
2015-07-07 21:13:00,15,42,26.7,98,12.9,985.6,0,0,14,659.4,0
2015-07-07 21:28:00,15,42,26.7,98,12.6,985.7,0,0.3,8,659.4,0
2015-07-07 21:43:00,15,42,26.7,99,12.5,985.7,0,0.3,12,659.4,0
2015-07-07 21:58:00,15,42,26.7,99,12.7,985.6,0,0,2,659.4,0
2015-07-07 22:13:00,15,42,26.6,99,12.9,985.6,0,0,2,659.4,0
2015-07-07 22:28:00,15,42,26.6,99,12.8,985.7,0,0,8,659.4,0
2015-07-07 22:43:00,15,41,26.6,99,12.8,985.5,0,0,8,659.4,0
2015-07-07 22:58:00,15,41,26.6,99,12.8,985.6,0,0,6,659.4,0
2015-07-07 23:13:00,15,41,26.5,99,13.0,985.6,0,0,0,659.4,0
2015-07-07 23:28:00,15,41,26.5,99,13.0,985.8,0,0,0,659.4,0
2015-07-07 23:43:00,15,40,26.5,99,12.9,985.8,0,0.7,8,659.4,0
2015-07-07 23:58:00,15,40,26.5,99,12.9,985.9,0.3,0.7,8,659.4,0
